1001110
11101
1000
11111000
0111
0000
10111
110
100111100
0110
11101
1010
10111
11111011
100111100
0110
11101
1000
110
101100
0111
1000
0000
1010
110
11110
11101
1010
10010
110
0111
0000
110
101100
0110
1000
010
000110
010
1000
110
1010
0110
110
111000
1000
010
0000
010
1000
000110
010
110
0010
0011
11110
110
1010
0110
110
11110
010
101100
010
0011
11110
110
1010
10111
010
110
1010
11101
1000
11111000
0111
0000
10111
110
111110101
0011
11110
010
111000
010
0011
11110
010
0011
111111
010
110
0010
0011
11110
110
1010
10111
010
110
1001110
11101
1000
11111000
0111
0000
10111
110
100111101
010
111000
11101
100110
00010
0111
111111
1011010
11111011
1001110
10111
0111
0000
110
0111
0000
110
1010
10111
010
110
000110
010
1000
10010
110
101100
0110
11101
0011
11110
0010
1010
0111
0110
0011
110
0110
101100
110
10010
0110
11101
1000
110
010
100111110
0111
0000
1010
010
0011
111111
010
110
0010
0011
11110
110
10010
0110
11101
1000
110
101100
11101
1010
11101
1000
010
1011010
110
1001110
10111
0111
0000
110
101100
0110
11101
0011
11110
0010
1010
0111
0110
0011
110
0111
0000
110
10010
0110
11101
1000
110
111001
0110
0000
1010
110
111000
1000
010
111111
0111
0110
11101
0000
110
1010
1000
010
0010
0000
11101
1000
010
1011010
110
11111011
111110101
0011
110
1010
10111
010
110
101100
11101
1010
11101
1000
010
1011011
110
1010
0110
0110
1011011
110
1010
10111
010
1000
010
110
111001
0010
10010
110
100110
010
110
111001
0010
00010
010
000110
0110
00010
010
0011
1010
110
111000
010
0110
111000
00010
010
110
0010
1010
110
10111
0110
111001
010
110
0010
0011
11110
110
0010
100110
1000
0110
0010
11110
110
0001110
10111
0110
110
0001110
0111
00010
00010
110
0001110
0111
0000
10111
110
1010
0110
110
11110
010
111000
1000
0111
000110
010
110
10010
0110
11101
110
0110
101100
110
1010
10111
0111
0000
110
1010
1000
010
0010
0000
11101
1000
010
1011010
110
11111011
111110101
101100
110
0000
0110
111001
010
110
11110
0010
10010
110
10010
0110
11101
110
0010
1000
010
110
111111
0110
111001
111000
010
00010
00010
010
11110
110
1010
0110
110
11110
010
101100
010
0011
11110
110
10010
0110
11101
1000
110
0111
0011
11110
010
111000
010
0011
11110
010
0011
111111
010
110
0010
0011
11110
110
10010
0110
11101
1000
110
100111101
010
111000
11101
100110
00010
0111
111111
1011011
110
10010
0110
11101
110
111001
11101
0000
1010
110
0011
0110
1010
110
1010
0010
1000
1000
10010
110
1010
0110
110
0001110
010
0111
11111001
10111
110
1010
10111
010
110
111000
0110
0000
0000
0111
100110
0111
00010
0111
1010
0111
010
0000
110
0010
0011
11110
110
111111
0111
1000
111111
11101
111001
0000
1010
0010
0011
111111
010
0000
110
0110
101100
110
1010
10111
010
110
0000
0111
1010
11101
0010
1010
0111
0110
0011
110
100110
010
101100
0110
1000
010
110
1010
0010
11111000
0111
0011
11111001
110
11101
111000
110
10010
0110
11101
1000
110
11110
11101
1010
10010
1011010
110
11111011
1001110
10111
010
0000
010
110
111000
0110
0000
0000
0111
100110
0111
00010
0111
1010
0111
010
0000
110
0010
0011
11110
110
111111
0111
1000
111111
11101
111001
0000
1010
0010
0011
111111
010
0000
110
111001
0010
10010
110
1010
11101
1000
0011
110
0110
11101
1010
110
1010
0110
110
100110
010
110
010
100111110
1010
1000
010
111001
010
00010
10010
110
11101
0011
101100
0010
000110
0110
11101
1000
0010
100110
00010
010
1011010
110
1001110
10111
010
110
010
0011
010
111001
0111
010
0000
110
111111
0110
0011
0000
111000
0111
1000
0111
0011
11111001
110
0010
11111001
0010
0111
0011
0000
1010
110
10010
0110
11101
1000
110
0111
0011
11110
010
111000
010
0011
11110
010
0011
111111
010
110
0010
0011
11110
110
10010
0110
11101
1000
110
1000
010
111000
11101
100110
00010
0111
111111
1011011
110
111001
0010
10010
110
10111
0010
000110
010
110
100110
010
10111
0111
0011
11110
110
1010
10111
010
111001
110
0010
110
000110
0111
111111
1010
0110
1000
10010
110
11101
0011
111000
1000
010
111111
010
11110
010
0011
1010
010
11110
110
0111
0011
110
1010
10111
010
110
0010
0011
0011
0010
00010
0000
110
0110
101100
110
1010
10111
010
110
0001110
0110
1000
00010
11110
1011010
110
111110101
1010
110
111001
0010
10010
110
100110
010
110
1010
10111
0010
1010
1011011
110
100110
10010
110
000110
0111
0110
00010
010
0011
111111
010
110
0010
0011
11110
110
1000
11101
0000
010
1011011
110
0010
00010
00010
110
1010
10111
010
110
101100
0110
1000
1010
1000
010
0000
0000
010
0000
110
0110
101100
110
10010
0110
11101
1000
110
100110
010
00010
0110
000110
010
11110
110
101100
0010
1010
10111
010
1000
00010
0010
0011
11110
110
111001
0010
10010
110
100110
010
110
111111
0010
111000
1010
11101
1000
010
11110
1011011
110
0010
00010
00010
110
0111
1010
0000
110
0000
10111
0111
111000
10010
0010
1000
11110
0000
110
0110
111111
111111
11101
111000
0111
010
11110
1011011
110
0010
00010
00010
110
0111
1010
0000
110
0010
1000
111001
0111
010
0000
110
11110
0111
0000
111000
010
1000
0000
010
11110
110
0010
0011
11110
110
010
000110
010
1000
10010
110
111000
0010
1000
1010
110
0110
101100
110
1010
10111
010
110
111111
0110
11101
0011
1010
1000
10010
110
0111
0011
000110
0010
11110
010
11110
1011010
110
1001111111
0011
11110
110
0000
0010
11110
11110
010
1000
110
0010
0011
11110
110
11111001
1000
0010
000110
010
1000
110
1010
10111
0010
0011
110
0010
00010
00010
110
1010
10111
010
0000
010
110
111111
0111
1000
111111
11101
111001
0000
1010
0010
0011
111111
010
0000
1011011
110
1010
10111
0110
0000
010
110
0001110
10111
0110
110
10111
0110
00010
11110
110
111000
0110
0001110
010
1000
110
0001110
0111
1010
10111
0111
0011
110
1010
10111
010
110
111111
0110
11101
0011
1010
1000
10010
110
111001
0010
10010
110
100110
010
110
0111
0011
110
010
1000
1000
0110
1000
1011011
110
111001
0111
0000
11111001
11101
0111
11110
010
11110
110
0010
0011
11110
110
111001
0010
10010
110
010
000110
010
0011
110
100110
010
110
1010
1000
0010
0111
1010
0110
1000
0000
1011010
110
100111111001
11101
1000
1010
10111
010
1000
111001
0110
1000
010
1011011
110
1010
10111
010
10010
110
111001
0010
10010
110
0111
0011
11110
010
0011
1010
0111
101100
10010
110
1010
10111
010
0111
1000
110
111000
010
1000
0000
0110
0011
0010
00010
110
0111
0011
1010
010
1000
010
0000
1010
0000
110
0001110
0111
1010
10111
110
1010
10111
010
110
111000
0110
00010
0111
1010
0111
111111
0010
00010
110
11110
010
0000
0111
11111001
0011
0000
110
0110
101100
110
1010
10111
010
110
0111
0011
000110
0010
11110
010
1000
0000
1011010
110
1001110
10111
010
110
111111
0110
11101
0011
1010
1000
10010
110
111001
0010
10010
110
100110
010
110
0111
111001
111000
0110
000110
010
1000
0111
0000
10111
010
11110
1011011
110
1000
11101
0111
0011
010
11110
110
0010
0011
11110
110
010
100111110
10111
0010
11101
0000
1010
010
11110
1011010
11111011
100111100
0110
11101
1010
10111
110
0110
101100
110
1001110
11101
1000
11111000
010
10010
10011111101
0000
110
101100
11101
1010
11101
1000
010
1011011
11111011
11111010010
000110
010
0011
110
0111
0011
110
0000
11101
111111
10111
110
111111
0111
1000
111111
11101
111001
0000
1010
0010
0011
111111
010
0000
110
0111
1010
110
0111
0000
110
10010
0110
11101
1000
110
11110
11101
1010
10010
110
1010
0110
110
0000
0010
000110
010
110
1010
10111
010
110
1001110
11101
1000
11111000
0111
0000
10111
110
111110101
0011
11110
010
111000
010
0011
11110
010
0011
111111
010
110
0010
0011
11110
110
100111101
010
111000
11101
100110
00010
0111
111111
1011010
11111011
1001110
10111
010
110
0000
1010
1000
010
0011
11111001
1010
10111
110
10010
0110
11101
110
0011
010
010
11110
110
0111
0000
110
0010
00010
1000
010
0010
11110
10010
110
0111
111001
100110
010
11110
11110
010
11110
110
0111
0011
110
10010
0110
11101
1000
110
0011
0110
100110
00010
010
110
100110
00010
0110
0110
11110
1011010
11111011
11111010011
0010
11111010000
0111
110
11111010001
11101
0000
1010
0010
101100
0010
110
100111111000
010
111001
0010
00010
110
1001111111
1010
0010
1010
11101
1000
11111000
